SetDesc: "NNPDF3.0 NLO global fit; mem=0 to mem=100 with alphas(MZ)=0.118, mem=0 => average on replicas 1-100; mem=1-100 => PDF replicas with  alphas(MZ)=0.118; mem=101 => central value for alphas=0.117; mem=102 => central value for alphas=0.119; maximum number of active flavors NF=4"
SetIndex: 292000
Authors: NNPDF Collaboration. R.D. Ball, V. Bertone, S. Carrazza,  C.S. Deans, L. Del Debbio, S. Forte, A. Guffanti, N.P. Hartland, J.I. Latorre, J. Rojo and M. Ubiali
Reference: arXiv:1410.8849
Format: lhagrid1
DataVersion: 2
NumMembers: 103
Particle: 2212
Flavors: [-4, -3, -2, -1, 1, 2, 3, 4, 21]
OrderQCD: 1
FlavorScheme: variable
NumFlavors: 4
ErrorType: replicas+as
XMin: 9.9999997e-10
XMax: 1.0000000e+00
QMin: 1.0000000e+00
QMax: 1.0000000e+05
MZ: 4.1799998e+00
MUp: 0
MDown: 0
MStrange: 0
MCharm: 1.2750000e+00
MBottom: 4.1799998e+00
MTop: 1.7307001e+02
AlphaS_MZ: 0.22277812433758010
AlphaS_OrderQCD: 1
AlphaS_Type: ipol
AlphaS_Qs: [1.0000000e+00, 1.0796795e+00, 1.1706605e+00, 1.2750000e+00, 1.2750000e+00, 1.3765850e+00, 1.4916344e+00, 1.6224151e+00, 1.7716542e+00, 1.9426481e+00, 2.1394005e+00, 2.3667996e+00, 2.6308434e+00, 2.9389341e+00, 3.3002560e+00, 3.7262747e+00, 4.2313900e+00, 4.8338027e+00, 5.5566711e+00, 6.4296651e+00, 7.4910703e+00, 8.7906618e+00, 1.0393658e+01, 1.2386201e+01, 1.4883045e+01, 1.8038403e+01, 2.2061424e+01, 2.7238491e+01, 3.3965668e+01, 4.2796432e+01, 5.4512680e+01, 7.0231544e+01, 9.1568115e+01, 1.2088638e+02, 1.6169124e+02, 2.1924959e+02, 3.0158786e+02, 4.2111868e+02, 5.9733411e+02, 8.6133734e+02, 1.2635968e+03, 1.8874476e+03, 2.8730352e+03, 4.4605913e+03, 7.0702271e+03, 1.1452141e+04, 1.8975590e+04, 3.2197553e+04, 5.6008633e+04, 1.0000000e+05]
AlphaS_Vals: [4.3602860e-01, 4.1194767e-01, 3.8934243e-01, 3.6811593e-01, 3.6811593e-01, 3.5304362e-01, 3.3855480e-01, 3.2463202e-01, 3.1125763e-01, 2.9841378e-01, 2.8608277e-01, 2.7424690e-01, 2.6288861e-01, 2.5199062e-01, 2.4153586e-01, 2.3150764e-01, 2.2188964e-01, 2.1266593e-01, 2.0382100e-01, 1.9533980e-01, 1.8720773e-01, 1.7941071e-01, 1.7193511e-01, 1.6476777e-01, 1.5789604e-01, 1.5130776e-01, 1.4499120e-01, 1.3893515e-01, 1.3312879e-01, 1.2756178e-01, 1.2222420e-01, 1.1710656e-01, 1.1219974e-01, 1.0749502e-01, 1.0298408e-01, 9.8658897e-02, 9.4511837e-02, 9.0535574e-02, 8.6723097e-02, 8.3067700e-02, 7.9562955e-02, 7.6202706e-02, 7.2981067e-02, 6.9892392e-02, 6.6931278e-02, 6.4092539e-02, 6.1371207e-02, 5.8762528e-02, 5.6261934e-02, 5.3865049e-02]
AlphaS_Lambda4: 0.342207
AlphaS_Lambda5: 0.239
